e_in: 0.9531385131989303
e_out: 0.9704183313766162