E_in: 0.428717185983
E_out: 0.4507000258834