e_in: 1.0444431204
e_out: 1.0398743613