e_in: 0.83918058062
e_out: 0.87880361022